334235215330839394468231137987360408764645184896080942656869632239650936135596346386531847520246045639231749715218940721392378165924032096874677498096084577640635024658634209099418179140933421801722254615436979171789028172045111835279304504665368755972269476923744930680290038277098210684750328984422022509955123842811200
333187920711813020785112116467452491586869762122268132014020525013284508240421529750051821157787836267900438978473083019360795844162980936086427082458635715661727985986307076575287853598120117156553067885562485641529027370221203745371527734015554836708690997322412004535852976648407831592627137439592988003618471327226846
140443507284861911667283999823878830103800754247499827670169084938731482391498539340763214009397226931613767847952113327971534694804836654202899483656960519328207338016227429469695960819184117111776601645395313559476294352486656845732772636003768724754025014631131419181737563585064253992089116280331975891451918534006358
123268549642400383681573116580954434271541412047061028347734525238399741803144826651280387726777574704499010602674670720373143657786898084762079831613949738110137632367506601244360030472523593270359766090779524060835124280903720735592286568483057978581974416610107230667470176642870742920261293352170060860918249549623164
237585391169484813462301603741632319902762217163838885160951547563497599443777533291521502476246926165949932024436252029423946254327486293180788942190096914622235428639415610369886539621086549696929395901849866220711462361074185264177043354450735959156418563614500394559086623119525913337094869045956043021087735085945927
86056887657238062008039764313006235102348708189098510375472669016249236929869397447010092854111838103239112546448594398267411706944292193690455305807474853503701628785862683362740296841552567188219512620041037717391561765841476773510307810063330402024554300562307765358939486201845343026773343738411812750556780168276663
277215612303772513623083713966447159044267165936856485308515414829960311520460999860895894385411034675856725136245794386250057362283175530980551762636163947885554774799360784263072160028384563101421659165507907977865078751958781483663954841088200072466671952730360736360915166618656609700668672351104981218461755557890567
277215612303772513623083713966447159044267165936856485308515414829960311520460999860895894385411034675856725136245794386250057362283175530980551762636163947885554774799360784263072160028384563101421659165507907977865078751958781483663954841088200072466671952730360736360915166618656609700668672351104981218461755557890567
277215612303772513623083713966447159044267165936856485308515414829960311520460999860895894385411034675856725136245794386250057362283175530980551762636163947885554774799360784263072160028384563101421659165507907977865078751958781483663954841088200072466671952730360736360915166618656609700668672351104981218461755557890567
178350084623350175671453678379123826138436445950381993714829352818841178789567953163796150887965082305488380790249056626405340752648469844235643459539772457327053039032014486645245159969832027843164790677828671429406470271260716290980151020688271738862137443690811001863357255101808892273601069953729057256212764455917157
178350084623350175671453678379123826138436445950381993714829352818841178789567953163796150887965082305488380790249056626405340752648469844235643459539772457327053039032014486645245159969832027843164790677828671429406470271260716290980151020688271738862137443690811001863357255101808892273601069953729057256212764455917157
178350084623350175671453678379123826138436445950381993714829352818841178789567953163796150887965082305488380790249056626405340752648469844235643459539772457327053039032014486645245159969832027843164790677828671429406470271260716290980151020688271738862137443690811001863357255101808892273601069953729057256212764455917157
123268549642400383681573116580954434271541412047061028347734525238399741803144826651280387726777574704499010602674670720373143657786898084762079831613949738110137632367506601244360030472523593270359766090779524060835124280903720735592286568483057978581974416610107230667470176642870742920261293352170060860918249549623164
120455345859937382327279185694313611608935511844824438936991444370397695482793413110461720528611759906454235820446811009072764727240246891965002845709430877930217676765118886453544713564123571518017031378187284030913850774486920411335819852012865091651849682505071018454069455377999631819305267797500725296115119687045375
140443507284861911667283999823878830103800754247499827670169084938731482391498539340763214009397226931613767847952113327971534694804836654202899483656960519328207338016227429469695960819184117111776601645395313559476294352486656845732772636003768724754025014631131419181737563585064253992089116280331975891451918534006358
384636260979337588971916029841643679862507408673376390221166328851505691564562679486991783428570127442022942761289186217527328286654972232508029898211222939048540645887345108953511508052187696294811406112649594549436388002427728648610381690929685258859589591844182445950889598796395510616182705797402913285465693560031151
289126913725609037277704419956863272735046035412710390114232633893619830434627108424372595591070219513445124839795029290855432126589098740297907154661664956468699943509152772561254392283473319197609275843518906384303324233108959679147872552763418426974343681467838874130955694917738540640842810498899367824744075442038528
178350084623350175671453678379123826138436445950381993714829352818841178789567953163796150887965082305488380790249056626405340752648469844235643459539772457327053039032014486645245159969832027843164790677828671429406470271260716290980151020688271738862137443690811001863357255101808892273601069953729057256212764455917157
384636260979337588971916029841643679862507408673376390221166328851505691564562679486991783428570127442022942761289186217527328286654972232508029898211222939048540645887345108953511508052187696294811406112649594549436388002427728648610381690929685258859589591844182445950889598796395510616182705797402913285465693560031151
123268549642400383681573116580954434271541412047061028347734525238399741803144826651280387726777574704499010602674670720373143657786898084762079831613949738110137632367506601244360030472523593270359766090779524060835124280903720735592286568483057978581974416610107230667470176642870742920261293352170060860918249549623164
313331511572021592134557033003811281270746357290202631230804779574581685095597528267452308258406943119706952877564373776485031495967350932750363164355633975004601441308052085822168471446246697871996967221722330382952242471532702496881995229024913413199513735197170954148152168094929222507756723580951151906902646019833816
333187920711813020785112116467452491586869762122268132014020525013284508240421529750051821157787836267900438978473083019360795844162980936086427082458635715661727985986307076575287853598120117156553067885562485641529027370221203745371527734015554836708690997322412004535852976648407831592627137439592988003618471327226846
419103799685944897743377911441545527290840348528187553774612950830486310339636490369430085272722655520273314834772428588904333120583892148023855664999338131273162653631217454059721323993738868956585227301936667987143230733465921425059864195072697641336013188141237186163871877745585308602519160234022510718779149180300745
208643316609389588403508422010122952455262368067065444959476378139682663156328571322912790377450911077523296817475741925201442722879875244356161468515344028857648233367690655075778741622536022135467607828036106796676025147934077228224380389649117634127939662544259372277496058457078964097696991530569713822934806027891847
